3366
2138
392
5268
6945
7891
7435
7600
5990
1662
1960
6828
189
1955
2480
5261
847
6664
1831
7503
7910
3953
3079
7047
569
2840
7169
7577
5586
3843
677
213
6261
3784
4050
6443
7046
7164
1303
7471
5912
663
2834
5757
602
7436
4347
3727
5133
4901
607
2596
2286
5095
429
3425
4145
7778
1001
7900
5290
6357
8094
1616
8119
5572
341
262
7700
4617
4405
1144
347
3803
5759
7599
4713
3522
2270
3028
3472
2991
5788
644
2774
5436
6395
6955
7942
4144
6178
3960
4691
3046
3408
5866
7402
7153
5720
1651
5193
2969
7190
3491
1378
3049
7995
2180
1200
2574
6863
535
1535
2563
5191
5474
5310
593
4236
6376
4162
7244
3713
692
4223
1148
2280
5446
7783
5234
7720
7759
5049
2916
1584
4116
2934
4080
709
4148
7964
5793
1907
2438
6185
6087
2667
1007
4390
6573
7678
7830
6459
1942
5779
572
4715
3632
5480
5952
4481
5333
3441
964
3144
7542
7415
3128
4906
5639
7741
7126
8038
108
5962
705
2104
7663
2587
2888
2445
7305
2240
3510
305
3415
2781
6969
5713
6788
1822
3247
5010
7895
5395
7029
5774
8109
7590
3325
6853
4331
4615
640
6738
4777
7364
7341
8158
645
1826
3541
255
1465
5685
6358
6587
1883
7247
6515
5319
4270
4790
3654
5553
4105
5068
5418
6208
3810
1713
1995
2432
440
4227
2019
325
2606
950
4431
4015
3455
4237
3530
5022
7928
365
5255
5918
5014
7348
2578
2999
5184
6973
6502
7273
3967
4530
426
5555
7732
2585
6028
202
6394
480
7571
5442
3182
2822
498
3187
1841
7209
5139
1264
1799
2203
5256
6890
5741
1623
2039
7132
5205
8020
2248
3008
102
5328
88
6034
5376
7101
4805
289
3690
6499
7963
376
1560
718
1435
1246
7892
1099
70
7761
3095
7985
6611
1221
5626
676
6013
5767
6886
3993
3125
2378
5098
6563
3470
5873
5722
190
4322
4496
517
6354
1337
2614
1434
617
4129
6650
6425
1725
6638
7442
7969
7633
6966
3311
1261
5658
2195
3974
3874
5203
662
4217
2503
5519
836
1245
4418
5708
582
6312
5173
6894
415
2321
4305
2187
3799
1217
7717
5248
4792
888
5881
7170
7907
689
7689
6816
2763
1346
7772
1294
3226
3695
8162
4031
17
2737
6194
425
3971
3859
97
2157
5346
324
5796
1022
2041
830
3296
7212
999
3264
4591
4806
4484
557
8087
5854
6234
8170
1845
5709
3072
6210
3040
3414
2318
1110
5688
3782
4531
6129
4398
8081
7679
2400
5664
1816
1941
1680
7119
6485
1557
5422
1493
4526
6290
5258
7776
891
6264
4055
2487
1363
6044
6655
3662
7555
6349
6011
170
5778
5997
7888
1765
34
7387
4641
3719
5600
2040
2919
4430
6203
5429
8144
4241
6754
6491
5706
2376
544
4813
1413
3152
2066
4141
138
675
4849
25
933
5790
7878
7148
7441
7702
7260
1189
8143
1138
4990
4215
990
7158
2924
4581
7457
2702
5230
6004
3741
2760
878
2399
1392
1840
6926
5551
7165
2849
1766
4596
5671
4201
5649
5852
816
3630
1719
7304
3331
5925
339
2987
3500
4139
1016
1789
1870
1913
2510
748
5141
3370
5384
8041
2460
6273
1798
7968
1849
2723
1884
7733
2380
6015
3620
378
2753
349
7370
4730
7333
928
5705
6056
3255
5414
4191
6003
3452
7197
4416
4824
7337
5021
3562
5696
356
2035
4125
6546
6188
6117
4023
4933
1469
4097
7836
2032
276
2875
3439
16
4985
5312
1345
7284
14
7849
1157
1253
2276
6276
4499
4377
2682
2112
5780
5899
5081
1566
7331
5748
6670
370
7986
5692
7069
6266
1164
1480
3664
3849
1291
2795
4589
7325
6851
6592
1302
8009
4308
1939
650
953
2083
2220
3979
6465
3850
7070
5954
1642
1188
7989
2778
800
5004
8093
6857
2903
7347
7486
7569
5592
4934
65
4606
3173
4272
5839
8056
4409
3770
249
1987
7257
3369
7808
7798
3691
6339
5028
2413
3143
1071
932
4214
1126
5977
2599
1401
4645
3728
4842
7105
4491
1115
3768
1258
5434
3375
667
6236
726
6404
26
6346
2511
2119
4724
4302
6872
4977
3903
4073
4858
5283
2678
2994
3186
4650
2425
6504
2726
4928
1317
7362
3710
6526
1867
7404
1645
4684
4776
4504
2008
4847
6094
2838
2466
6544
4707
3557
5295
4588
5059
2009
2537
4635
3667
4123
729
857
5101
1519
1349
2885
6774
1833
5737
5984
6338
6734
1170
2197
5
4433
6393
4851
6998
949
6802
3220
6712
2920
1309
2818
6038
554
5967
7575
6413
395
5126
6498
6836
1438
7360
5284
7307
7015
7179
7154
3481
5250
3449
5391
1235
6369
7517
6531
6625
7414
47
7312
1271
5132
5565
5578
3089
3031
2947
4153
4332
3726
7317
1977
3666
4529
2255
3613
5131
451
4674
4108
6172
3275
2098
15
591
2409
3130
5197
5982
180
5349
8064
6717
2496
84
1048
7023
5930
3537
3107
5354
3297
35
6588
2705
7707
791
7178
2253
3886
957
442
5978
6990
4686
2001
2424
6591
1356
1108
1636
1080
114
7579
5729
6583
2033
717
7794
4618
380
3989
5865
7
3309
4283
5760
7339
3417
7636
2462
2206
6200
5185
4355
2703
4579
3959
201
533
2153
494
7834
7669
4677
261
4094
1830
6271
1150
1523
4621
4876
1923
2601
371
1156
5116
5440
4872
3816
4222
7979
4470
785
3065
7541
5818
2992
1848
4725
2275
3523
5677
8190
3992
3912
2638
1180
1520
7516
5512
95
1273
4634
5177
2326
5112
1743
5375
5507
4762
1600
7839
1695
2323
3905
4687
6689
4761
1298
954
1488
5585
2315
5433
2597
2767
1202
4334
2219
2641
2410
5121
2620
2165
3233
6048
1417
4124
4447
1718
1431
6133
5495
6400
1208
214
3978
7722
225
915
6910
1948
6818
169
2070
3176
7603
1132
2051
6104
209
5055
1270
3342
7310
5517
5249
6387
3900
941
6808
3547
6407
1301
3469
1724
6621
6848
922
3583
6514
8128
8138
1587
4756
1882
5738
5980
3363
5368
1288
5406
1366
3542
1723
1838
6067
3651
4938
7374
2533
827
747
6254
5485
2977
755
492
5214
1672
5158
5605
6223
22
685
7037
5711
4660
1981
3987
2586
1036
5137
5136
6665
2303
1453
3299
6228
436
4913
7265
3136
5449
3094
7982
1796
7810
1788
4482
7709
6780
3865
6364
751
5966
7626
8017
5493
4103
1321
6110
7482
3437
7887
8011
3652
1533
6564
756
2159
1233
3267
128
4284
2950
5817
3791
7901
2545
7444
5421
3961
1701
7771
4784
5875
4703
2491
5341
1682
1464
4888
4622
7152
7060
4202
2143
6401
8152
6327
457
6154
1887
1829
3443
3234
1541
4307
5945
4301
5379
7216
4597
3445
3319
51
4440
7797
3901
2938
1364
2172
4569
3521
5024
7549
6238
2848
5569
3525
6155
148
5208
7264
3265
3873
6871
75
7846
606
5603
6377
7481
2056
6384
2817
1562
7301
1757
3148
6630
7991
806
723
6671
1630
3524
6103
4170
1046
1015
4521
7109
4411
4639
3064
7782
2695
2216
2954
5773
6900
6939
4257
5321
2689
1521
739
979
3167
7800
5383
2065
5439
1379
5064
7557
2811
4171
679
3400
4309
2925
2312
3122
4461
3252
5318
3308
4646
3292
3599
1190
3164
5047
18
1720
6647
6897
7064
6908
4087
2637
6099
3943
333
2335
7919
1503
5040
4076
6416
4167
4831
1234
1988
2854
994
4278
1933
4697
8145
3353
6953
6751
5791
5399
5282
3039
4381
7921
7873
5651
6759
3857
3806
6561
7993
4052
6206
2453
6045
6152
7999
6747
610
772
1648
4085
8148
7737
1911
3150
757
2223
3622
2021
2426
3322
7638
2742
3918
118
3288
6874
6777
5459
6217
697
1579
219
7876
1889
5148
740
391
7272
5001
7398
4247
7697
901
5357
1827
924
3996
6079
4893
504
590
3032
6612
8115
6017
3347
1668
5235
3636
2955
2808
1537
7349
2506
386
4753
6566
5643
6974
41
257
750
7477
3569
5299
2988
7920
7943
1846
4192
8063
8034
2299
2482
4098
6461
627
4717
7956
3096
3781
2825
7421
7819
7561
446
2633
6153
5998
6964
3016
4474
7596
2826
700
3059
1328
475
7288
1086
518
4642
5985
239
6912
7468
7714
5217
3216
1120
6944
2794
6102
2960
8
3471
6512
2037
6125
7539
2465
422
5097
3742
5885
6921
4342
377
7446
1547
3250
5589
7036
7102
8008
955
1044
1460
21
524
3688
3029
6477
4984
834
6559
3327
6320
4937
1089
863
980
6841
4177
698
3169
7664
4794
1254
7894
4152
8042
183
608
6135
1322
6724
8028
5170
6497
508
5721
2984
6626
3931
4459
3412
5244
1594
196
969
6507
4407
6940
758
5444
5877
379
6748
4696
2103
3312
5390
7199
3894
2031
7286
5431
845
7507
609
1174
6202
6731
7166
2837
6779
6922
8051
4666
3407
4364
3091
1885
7350
2565
5710
2361
4193
3245
3320
5105
6792
1152
1526
551
4088
5889
611
7100
959
696
1573
7270
4451
5850
2626
5215
2448
2674
6617
1524
4001
672
982
814
4027
4033
7383
3721
348
8174
3450
4104
2910
7880
4450
974
893
4999
4652
792
8090
6965
5296
2982
2121
4550
124
1638
6577
576
7068
3573
5509
3526
2736
6483
3638
6173
5716
8039
7008
3075
6745
2214
6601
7497
6976
1242
5837
7728
6825
919
6811
5016
285
7673
173
6158
1441
4670
6189
7574
4165
7490
4224
5734
2694
6982
1087
284
4062
8084
5936
3842
6692
624
2709
4514
4603
334
3097
7742
2508
8098
6522
6764
4969
537
2884
4089
7431
2402
5367
1458
5869
3875
4910
2048
5552
2874
6166
7143
525
7321
3734
580
6328
623
6330
3868
2761
7658
7938
6397
8043
3970
779
771
6192
1986
6954
1204
3006
5955
981
7097
6898
7193
6715
6035
1446
741
2193
353
36
1427
5756
2047
6006
6882
4852
4667
3704
1420
7065
7965
512
4921
4546
4313
4150
64
1486
1673
4180
6930
647
197
3764
1043
5077
6893
4520
7001
4279
2152
7518
1502
5546
5050
4333
4975
6246
4959
3200
5371
788
3087
6336
2974
7670
5472
6501
3672
2628
3820
7576
1896
8122
7935
5066
5162
2550
2084
1611
2262
7134
3147
5232
2644
2404
1952
1216
6773
3257
909
7751
5768
5554
2042
1825
3161
6652
418
420
3837
1691
5745
5286
383
1146
1047
7492
3878
3897
3921
6356
7625
7397
6624
6762
2802
2522
2320
3410
8137
4566
3113
1351
2218
3639
5599
2412
3454
2690
1570
8185
7990
4609
6854
1182
7363
724
7055
1555
1755
413
3706
3518
6519
3422
3621
4719
7588
4557
1940
3606
6072
410
1908
7972
2490
7659
6470
2871
1606
217
1223
4648
2961
5186
5582
6907
59
3404
3442
5494
1220
7027
1890
3048
7410
4850
4961
4908
4362
6214
571
3673
1412
550
1717
3202
3381
5934
8124
6870
1177
3217
7409
2676
6676
1031
2342
775
1095
3757
3956
1405
3693
8104
656
1670
6554
3476
702
7445
2966
2523
6575
4584
2488
4251
1376
5894
6427
995
1459
5120
3980
7042
5432
6996
931
6599
3545
4261
4917
2446
2207
6527
584
1306
1010
7095
6595
7784
4412
2836
2188
3720
19
7291
1119
4915
3780
441
6050
2201
925
1133
4048
5161
1909
7279
2650
3151
2229
1946
2603
6229
5963
4889
1445
2355
6403
2581
4220
5088
6628
2271
695
1879
3513
7133
5181
4890
5681
581
2660
977
4562
799
8100
727
6719
311
3004
1669
7530
2733
4952
77
3232
6946
6682
4326
7744
1931
53
4682
2313
5874
6722
6864
7754
2917
1965
4861
2670
2156
5462
2250
1332
3115
895
4539
6666
3287
6602
5612
2439
2132
4679
5673
6923
597
3185
6382
2140
2062
4255
1733
86
687
2936
8067
2148
4884
1212
5468
3822
5404
664
5358
6571
5483
5476
1922
5074
3172
1067
162
4314
8070
4823
4663
6658
2749
7173
4004
2231
2688
2341
6245
7675
1740
780
2998
5069
7478
5670
5382
3290
4821
403
5633
6380
691
4764
7243
6325
5260
1620
5082
5993
3716
945
6614
2935
2364
4958
7506
4329
2869
7338
4989
5611
5868
2879
898
2064
3633
1432
4614
5848
3387
5267
4168
6478
5625
291
6771
5119
5264
5309
4387
1003
2972
543
6914
618
7007
1641
319
4505
2186
3995
3907
1550
7014
5758
4389
3692
2249
5697
3021
1377
1145
1199
8140
6244
4838
4367
5007
3623
998
7556
7872
1385
4051
6798
905
1155
3576
2322
48
5243
3485
6895
734
3689
4218
7371
5807
28
1319
4575
7493
2771
1532
7045
5026
1416
6355
5675
657
2331
7050
1677
7498
44
6728
6520
541
4010
1169
3594
3707
6760
7805
2842
132
2941
6134
5202
6758
3535
1205
2192
2101
2498
458
5175
805
5076
2295
2434
7950
2058
6727
6980
5348
2896
636
1800
3610
337
975
5048
4818
1394
5447
7725
1850
4720
3189
8062
881
6948
2839
3587
1282
585
310
240
3116
3776
4478
7459
5502
6318
1679
4941
7738
1422
271
6839
4456
7847
5665
858
281
4182
6849
1783
29
7902
5534
4795
5182
7882
6226
3082
1778
3940
6359
168
5617
8036
7992
2569
1855
251
7857
1880
2501
6847
2430
7450
5298
5888
3754
529
1248
4759
4366
1864
1335
7706
6322
3969
4163
1650
2821
232
4811
2658
5130
8141
2865
4855
4887
7684
7748
3208
907
7786
896
6783
5575
6039
522
79
1383
7359
7462
74
4773
5724
2301
3195
3832
1815
1895
5091
5393
144
4357
5056
5794
2423
7078
7513
1028
1045
8125
3262
6452
3317
743
6351
1241
2451
1700
7645
5951
4866
5164
7788
3833
4583
4896
3748
4455
7954
7175
7735
3750
1564
7803
2748
2997
7156
465
2053
1436
7403
3933
768
1229
388
715
4834
7587
6344
42
8176
6295
6565
4593
3499
6846
2268
478
414
823
1313
6024
6070
1976
570
6856
877
368
6787
5080
7276
226
4189
62
6095
7731
5687
7668
6936
505
3582
7680
2071
439
2590
6968
7594
2747
6987
7054
3920
3559
3876
153
7108
2234
2401
2900
3475
2648
7400
4375
7474
3429
4467
1167
7870
7073
2907
6790
2347
1076
1699
431
5691
7302
5413
3773
4767
6744
2189
1191
7087
7361
812
6496
7418
3154
369
4453
5225
6776
1863
4311
1640
1605
7351
1794
2235
2942
4490
5291
4135
2388
24
2325
4130
5361
6916
7332
4955
540
6726
8086
3947
1399
3098
7115
3595
2440
5372
228
5336
5811
2654
208
7252
4324
3488
5397
4359
6197
7394
4604
2684
3286
2640
6123
6610
2427
6733
8127
8131
2470
164
2567
7546
2713
317
4246
5914
4880
8037
548
3324
3104
184
7182
1283
5174
107
350
351
1715
4973
6721
4914
5648
7141
5797
4950
3001
2397
1153
5272
7677
7662
4039
4751
4957
171
6956
4081
2256
3495
2804
3351
2284
2091
7606
787
1878
6146
7129
1477
2812
3812
4042
1130
6108
7330
3053
2141
4449
5311
956
7322
3416
1915
1609
6196
6888
2444
2727
6278
81
1354
6530
100
4190
7002
2535
4011
1484
716
5638
4258
4399
5160
3889
1506
1900
3318
3224
2158
3512
1574
7604
5655
1932
4968
72
7028
5513
3394
1263
6633
5624
2841
5900
3501
7967
5445
3017
5466
4656
4393
2100
1472
2852
7627
5630
7041
6127
2384
6043
4312
7204
306
497
3050
4869
7685
4448
6008
2294
1391
6222
7610
1773
4737
1274
3240
2177
6390
6005
3592
7245
6054
7976
6371
2045
3332
5544
7433
601
2543
4711
374
7889
5501
6296
76
1553
5560
3538
843
6928
4758
2387
4797
4185
4392
5919
7641
3052
1140
1938
4046
3026
5550
3808
1774
5558
2014
6078
1353
3361
4397
3887
2267
5872
7957
1496
5481
5100
2291
4471
3180
6098
7875
7866
3705
6033
7411
2898
6170
4996
6027
3628
165
976
2584
867
3602
706
4904
1803
5847
2803
7306
2754
5932
6992
2850
6433
4698
4885
3682
5703
6
1936
2238
1597
3431
7206
3751
4580
8166
4306
3221
2669
960
8007
2651
373
568
1721
1025
8075
547
3581
7465
804
7618
5684
6862
7282
1603
674
7227
7833
5118
7250
1470
2976
5419
295
4874
3926
2773
2160
495
3938
515
2595
417
1760
235
6690
2095
567
1671
3560
2986
7290
6392
6659
5018
212
3071
8178
4469
3872
693
4253
3194
157
3305
7354
4547
7719
4112
7916
4401
6073
4235
3677
5410
1473
7328
6532
6878
7683
3634
2370
2077
4028
1957
489
3507
6016
5078
2964
3184
3839
5389
6326
2469
3958
4219
3352
6163
6961
1598
2877
2612
2403
530
7005
2814
1109
4586
1786
211
292
1075
7113
4668
2236
3601
4871
552
6629
3575
7000
6613
126
1276
6468
614
1675
1487
7161
1643
595
4273
516
7730
2666
694
5726
6061
7483
5122
2107
962
7311
6162
1033
2145
4422
7828
90
7727
4616
69
996
620
5996
3321
3807
7373
8030
290
3140
6534
1447
5415
978
4810
1168
5618
3732
3983
7543
5892
6481
7746
4425
5870
3427
4344
3619
3073
4623
1546
3988
2539
2316
4517
4415
5781
712
5063
7314
4738
1336
39
2163
1172
3088
7043
6763
3118
4292
3999
1875
5403
2363
5430
6884
330
5008
5650
1969
894
2878
7696
2529
7116
7327
2029
6646
296
987
93
1457
2740
3295
5607
2393
7221
1710
1396
2591
4437
6265
1828
5693
639
6249
7509
4911
6469
2129
2532
7752
5089
1712
2405
3739
6978
910
852
3701
4029
5723
3577
4229
6547
4859
1358
2502
1443
3697
2525
1056
3156
5946
7453
2904
6267
3555
1551
3864
1996
7721
7051
7146
5717
3493
4030
7550
1497
1450
3042
2541
3777
5646
1842
38
4026
6250
2913
399
3345
5896
5840
1260
3398
4565
2679
4827
2181
1762
5420
2634
4971
1490
342
7983
2921
1449
7791
3760
1904
6800
2531
1368
5566
6679
3985
1339
2791
2630
7971
2190
3357
3617
94
7056
2530
7944
7346
5972
7533
2183
2805
7487
5027
2551
3153
1688
1901
5072
6259
3038
5815
1226
6983
5986
3749
7582
7020
5754
3684
4786
8173
2353
1114
3627
357
7908
1660
678
1173
408
7472
4432
5071
6342
6454
309
5736
8076
2743
7811
3514
1230
4444
8181
3405
1654
3012
802
6562
6718
2931
1214
4421
5957
1193
6145
1500
2054
3289
5060
1149
5102
7420
7747
7524
2233
3055
825
456
7368
5935
2350
942
807
3242
103
6277
625
7381
7914
4365
5206
7899
2756
3883
4493
3829
6260
6294
4525
3430
2139
5218
4379
2604
7053
4426
7640
7229
423
1949
2227
5806
221
2989
8057
2292
4337
2161
5317
233
2333
3025
2194
2379
1231
7144
2362
871
2406
6970
1881
6398
2512
4997
1367
3382
3403
7796
3743
6253
4245
3972
3779
4555
4809
3335
7449
3963
3712
1203
1051
824
690
4268
4075
4353
8116
4318
3708
3605
7868
2020
3929
3765
3261
5976
7701
345
2176
2005
7629
1232
6919
6147
7430
2846
3596
6091
1538
241
7906
6525
5308
7521
5614
1994
6829
7736
3315
6873
5636
5938
2685
2844
5455
6837
5827
2087
2621
2067
8035
2319
6581
1318
3266
3786
5005
2801
2505
6732
7479
3199
385
5601
6069
2004
401
2167
7342
4760
5011
6181
5864
3060
210
3276
1753
2890
7256
4976
6074
1591
5015
161
1019
6814
8186
633
2151
6820
7110
6059
6833
483
3580
2617
721
4249
8102
1082
3110
1770
4166
5222
4419
6709
1118
4250
8046
1832
2211
4709
7978
4570
1198
3649
6298
1021
7779
1296
6020
2514
4747
7018
4728
6130
3668
635
2288
1582
3123
7918
146
1059
4335
3533
4173
2908
7869
2447
4468
6444
2770
1810
6215
1991
6596
501
2170
6757
6598
913
3698
6642
1176
1571
7295
822
3229
3396
3642
1817
5695
2943
1369
4396
2306
5506
3371
6991
6569
4204
2948
7692
3665
7567
5294
1802
1625
3936
579
6362
1618
714
6085
7125
6866
7429
1375
6353
951
2968
3540
4044
1326
5423
992
2127
7927
4543
5634
4726
3517
7127
7723
7300
3991
6582
652
2202
5531
78
798
4563
914
6175
5276
4232
3797
3676
3460
117
3840
4898
2575
1628
4009
4815
3424
6084
5070
7266
6448
4017
3463
5950
1979
1218
545
2484
1758
2213
7966
2544
6493
6917
5437
1162
2442
3890
304
1954
1912
7089
4391
3932
326
7708
7758
2952
5201
4420
2939
3235
4509
6977
1515
2750
6704
7466
4382
592
8059
7176
2381
3010
4506
134
6086
1197
3009
7867
7352
5855
4582
7903
4285
2720
4155
4600
2483
2555
1370
4226
1340
1522
3502
2926
4763
6574
8065
4040
5326
7984
6112
5338
7886
6517
2949
5381
7226
4000
7607
1528
6695
1792
870
1030
1265
4704
5263
4688
3228
288
6417
2010
8111
2485
2777
923
2858
7375
8151
4848
555
4879
4061
7048
1877
630
5637
7039
6536
3674
3490
2025
3942
658
2758
6781
6654
7157
3117
2128
6711
1917
5231
8153
7785
5944
2297
4578
5995
5073
5374
3061
3219
4891
2258
4096
6167
2290
6830
7067
2558
2799
1924
3815
6972
1018
3531
7591
6041
4068
7504
4380
869
4690
3019
3758
1390
154
364
1035
1811
4083
3934
6151
7030
301
1958
1078
4925
179
1269
3603
7853
6772
1607
1921
3395
5981
848
5339
5239
3714
140
4511
5108
5929
7285
4336
7690
5942
7261
7835
5853
5293
3977
7929
4905
2784
1993
4131
5265
7652
5385
6997
5786
137
879
3722
2557
2217
7635
2245
1092
5725
2536
2454
1583
5471
5090
1649
2772
2559
2827
1507
5731
578
4225
2017
3084
8077
6673
5974
4607
5538
5113
1316
5740
6949
3464
2015
6661
4629
2436
125
1795
3821
1595
6040
5085
2282
6284
5151
5714
4287
199
145
5343
5344
3112
7202
4376
1558
4373
6076
2632
7586
8192
4560
5041
5303
1678
762
4775
2205
7699
7460
4294
853
1731
2274
2254
1876
2311
637
616
1694
2463
5580
3871
2962
7423
8120
3175
4909
6132
2372
4769
1333
6121
375
7814
2308
2389
8117
3702
7562
6160
1040
5461
7860
4208
6424
5470
1711
3669
8058
7858
4962
6488
6299
2418
5991
4743
7313
3171
4922
5516
2717
4160
728
7815
4242
6720
2492
3129
3467
4881
1004
2105
5188
851
1323
1006
7185
1310
4746
5947
4069
2610
2068
6350
6821
831
1935
8191
5907
2338
4136
186
565
1839
4951
8001
3902
2867
5659
3102
5424
970
3571
4479
4172
3197
1404
8130
7422
5843
7382
2647
3534
2078
7456
6308
2855
7597
7917
6144
2169
6199
991
7661
5674
427
4695
7734
1964
5749
7535
3879
5257
5156
1516
4965
6860
4739
5508
4228
4275
3077
3268
1227
4339
7025
4765
665
3998
3166
730
1910
2681
1064
3675
1808
7427
2980
4844
6935
6352
1903
7657
5065
3724
3057
7859
7945
8182
4780
4349
6892
6440
1100
3386
3203
7237
360
5836
260
1215
3986
596
3570
2373
4002
3612
7004
1154
3448
5245
297
3744
1262
4063
2876
5660
2701
1990
7551
133
2495
5956
1334
4714
4875
8088
4982
5000
2857
2579
6551
4778
4281
5369
833
531
3124
6101
7388
6741
6292
532
4983
3251
4537
5124
5062
6767
4500
7665
984
7762
6324
5521
106
3192
7174
4140
5882
3456
5187
6746
5518
8019
5656
7632
1742
1410
3772
4732
4169
5615
2619
3860
3222
6314
6449
6343
7076
7075
6224
1661
3211
4045
5123
1073
5190
7520
1210
4828
6509
5241
4056
302
4460
6510
1646
7145
7298
659
1124
2092
7098
7973
7563
6012
1985
6989
5093
5111
4612
3210
6542
3733
5352
7522
4845
5411
3834
5750
7406
5307
8018
6053
2360
1820
7377
3795
318
1999
6149
2725
3586
767
7871
2368
2142
6408
5428
5216
1962
784
3239
3614
911
4721
5207
2883
3747
2285
7619
4716
5277
2985
87
3957
470
4488
2260
2665
1779
5680
445
7208
6963
6183
2277
653
4184
2731
6216
8027
2646
4266
7440
7491
7218
4883
4552
6660
6414
5841
4826
7655
2657
5631
7181
2477
2130
286
5271
7848
5910
1653
5129
4157
396
6138
40
5451
5994
5712
7340
4892
500
634
5281
3861
1727
7862
252
5356
4413
3494
3466
6967
1083
3078
4643
8016
6553
7366
400
5314
1576
2118
4207
4047
7380
8047
316
4912
7512
4948
6635
5948
1293
5279
5332
577
3516
7666
6187
3952
3762
5539
7308
7297
4651
6838
2829
487
642
6701
1347
163
1741
1703
4867
3188
3339
738
5576
5958
4127
3045
1325
6293
4843
1768
6618
7642
2627
8177
4317
8015
1266
5350
4676
7781
7274
3411
2608
8069
109
2649
2768
6161
5228
159
7681
6739
1475
5922
7861
4605
1247
5878
1101
3965
1746
2464
4624
1745
7580
3030
6927
4428
3474
2716
6813
1448
1621
4200
5610
1237
6889
6389
7765
5897
5176
1726
6723
402
2034
2639
4181
3135
6335
4986
1211
3756
844
4533
6637
6280
6579
2030
4280
737
1194
8092
3635
5394
1049
510
2918
5099
5306
4441
588
5327
6302
3271
2226
2719
6753
8071
6159
4179
5300
224
4133
230
85
464
6558
6022
7401
1278
6716
3074
220
2662
139
1983
7780
2242
3904
1844
7584
3120
5562
6089
3709
3393
3273
4138
7246
1604
5829
1631
5667
3723
3946
3657
2945
7620
4592
7356
1290
4286
4005
3270
8136
7233
5686
1581
520
6584
4518
2349
1790
669
1421
4661
5728
2636
6902
5895
2979
4736
7294
89
4022
2314
6516
3419
8055
4466
1285
5672
4446
5879
3170
2038
7268
2891
4316
5324
6809
4705
23
3496
938
7085
2085
1085
4835
4475
4540
6691
5690
7470
3253
6706
112
3248
6702
3214
3133
1011
1384
574
1785
6539
7712
2899
7012
6708
3388
7601
2126
5943
6360
7977
1851
6460
105
3033
4234
2134
6896
2863
1543
435
4640
6128
358
6077
2629
1122
2336
1992
1508
2792
6570
6740
4907
1240
5577
4343
2556
2564
3401
6752
4599
5842
7960
8180
7623
1187
56
3975
7821
7079
7647
7621
205
6313
5036
5861
4954
818
5812
2729
2653
3024
1308
3492
4260
7112
5707
5543
5377
1330
238
3497
3568
6817
4766
5213
6426
6607
6985
710
4007
3506
4825
6148
3066
8096
887
6057
503
5532
5623
7131
5473
4465
1667
2790
1414
3694
6248
2407
3853
1065
2497
7040
6363
3196
5269
3670
6114
6311
708
7777
6479
4049
2443
1116
1997
4519
6942
3775
5492
7694
3588
367
1565
4513
1037
6616
7138
1183
2352
4974
229
101
4551
4755
7566
5574
4132
2385
6876
312
4536
3925
485
7093
6915
8157
6881
7013
7198
5704
1920
2367
6521
4256
7240
5522
7514
1352
5821
4289
4856
1344
5275
1872
4111
1305
193
1586
6778
412
1437
5192
3783
6472
872
2094
7806
2957
3157
4508
6769
1315
7464
6446
4082
5890
5880
5766
1471
1481
382
511
490
4424
4386
890
4689
2168
7739
3866
7458
2013
6030
6032
381
2178
1213
283
7277
6231
7826
4659
1748
8146
8021
3745
1074
5227
4902
5392
538
7437
5489
3106
5528
1355
5146
7088
1970
673
4209
7407
6627
6883
4120
1094
5448
8149
1393
3686
575
7934
773
2887
1693
7038
3159
2613
4429
476
7094
7059
6235
147
1461
4627
4903
3790
2864
1398
4524
3870
5810
1754
5941
424
7424
5770
2699
5351
5653
5983
493
340
3258
3916
5107
840
1312
3373
7802
6938
3487
8112
699
3482
731
3854
5278
7816
2416
7864
175
3927
3058
2744
1243
2136
6929
1287
1728
528
3336
7831
3759
6456
6511
2765
303
4949
1491
1968
2631
2072
4472
2431
206
5564
5884
3132
1807
3145
5305
3520
5771
2382
3882
8172
5042
1868
1165
2800
3608
3997
4846
3909
7447
6681
810
1023
7646
1793
6806
4830
7703
3041
1498
4058
5500
1847
5792
5814
4553
3906
1602
745
1098
7086
5355
7660
1207
6239
274
7222
7200
6227
2209
4528
4966
5417
4916
2785
2476
2246
4197
4059
2810
4744
1585
6388
1259
5871
3892
1738
604
1032
5743
7893
2995
3486
2609
1545
354
3717
7061
7399
534
7128
7589
8085
3767
6237
5652
7358
5037
1102
5134
5017
5109
4860
7715
2420
5166
207
3785
6639
3984
8107
4483
1684
6703
5092
2708
314
5067
5491
1601
1511
5536
120
2697
6933
1272
2981
4038
3641
3990
1255
4942
4681
5365
4210
3766
6143
3380
3399
5526
4442
5153
237
2824
6287
6899
4498
3054
3372
5987
4854
1179
7231
277
3851
7757
3131
2856
5860
2675
1027
2125
3718
204
854
1805
7740
5183
1489
287
5542
1971
7372
4495
6869
4277
8097
3884
195
3376
3659
2468
5266
965
1835
4137
1663
7863
7940
3163
3364
5221
759
6683
5035
5628
2063
7194
3483
4328
1696
3433
2016
1596
1893
3218
6557
1509
713
3648
5523
1061
3536
7049
2337
5915
3763
4323
2851
6447
6951
4395
6700
1292
4944
8045
6804
4694
3011
7251
2996
3836
2572
4772
4115
5657
2458
1359
682
486
4154
315
31
2230
6263
7793
1801
4788
1362
471
7693
4900
5591
1175
1658
4016
6649
1752
6891
873
5363
598
7676
7263
5718
5641
121
1814
8050
5052
3818
131
7428
3796
2807
7766
6765
2668
3826
1818
5140
7650
1066
841
1476
1060
4454
3101
7881
7745
746
1206
3307
5830
2307
7898
1874
8184
3625
473
45
6464
174
2600
4894
2082
1947
6375
5408
5486
6109
320
3609
5782
906
5373
4360
3434
384
3504
176
6001
5316
5157
8095
6675
266
8159
5325
967
7688
4293
4649
4262
7106
5813
829
1209
4571
7813
2046
889
4406
6824
5057
1279
2990
4995
1372
4882
6439
6545
3281
7096
929
1784
3230
7177
4363
3223
866
7439
6920
2305
6010
4408
5058
4186
3645
2739
1117
4873
6906
3446
4987
2359
2002
4340
7150
2124
5715
4897
3529
8032
3955
2479
432
2433
1024
2473
2797
2580
4556
4106
2698
4074
2155
4626
1632
2111
5337
1238
3658
5557
5733
3593
6348
3314
4796
6960
6815
1113
7854
5862
2080
2215
5003
43
1314
1000
2718
3738
1891
4403
5533
7205
507
6379
5678
8003
4807
4748
6190
2707
7595
7775
1539
2889
2474
2395
3752
3063
1062
406
3413
6678
1552
2154
6268
1252
46
560
7016
5739
7236
4590
4638
6462
452
2734
6903
1914
5210
1373
4486
6025
3310
1275
5689
8103
1463
4320
6386
6281
4752
8154
2144
1837
6088
7117
3392
5043
3378
7753
4198
1482
2089
1171
3436
448
1534
3585
7949
2298
3269
1934
1494
7674
6823
3236
8072
5313
1139
3035
3355
5928
6141
7417
523
4919
7392
4196
3509
3303
13
561
4692
4066
1787
2940
3316
3477
3802
6593
1767
2993
6875
908
4077
5171
5909
2293
2735
3015
10
6879
4877
335
2208
3558
3406
156
2212
2929
1722
1853
7074
6282
8165
2428
5953
4239
6648
6686
4895
4771
6090
6453
8168
865
6120
6549
4932
8105
4356
6372
2472
1327
6600
437
7011
796
6441
6513
3948
5970
7278
7022
3092
1452
868
546
4840
6793
966
4388
583
135
222
3591
1813
1610
7232
6093
1567
416
1239
8099
7980
7454
2390
5527
4099
4361
5917
3005
4926
5302
1131
61
3554
3384
7228
1407
6476
1063
2302
7611
5568
4808
111
5450
2831
4595
3584
1468
7162
732
777
5816
5128
3640
7790
1268
837
5240
4572
2704
5988
3503
1561
6850
3461
1518
1479
1224
3246
3637
4839
5616
3725
2149
7548
8188
1665
2680
3036
5033
6068
1158
7804
5331
6436
2450
3848
6651
4158
4078
6931
3212
2663
3260
631
5138
646
321
7827
5730
5683
2131
7390
6486
7052
7242
1079
1568
4345
6993
556
7996
7009
2289
4964
3899
8108
2516
6097
3731
393
1859
167
2732
1791
2304
8089
603
5034
5545
7081
6669
3420
143
3543
4930
54
7841
2757
4211
5031
4231
6901
1775
8014
3915
3519
6272
7103
6279
6986
4940
6399
7581
4079
1549
4956
4438
5233
7186
4330
3508
1329
4054
4665
4564
813
5584
2354
2348
7844
6505
2096
4024
3729
2481
4945
5304
688
6211
4252
7210
7615
4142
3083
6694
5438
1647
766
666
6832
789
612
4799
7438
3844
2417
918
1659
6366
7323
776
2560
2415
2088
5857
6457
7254
1951
7877
2493
7139
6066
811
3825
722
2661
5412
6232
3213
4156
2504
1236
194
7419
3480
82
2866
6643
6466
2185
2467
1058
1456
7343
725
7255
5179
835
8022
4946
8049
8123
2738
4288
3913
6036
5515
7653
6845
6947
3080
6578
1756
797
6999
2113
7865
2224
1714
5467
5647
2568
3746
6672
2576
1554
4109
2789
7526
2377
1137
7695
1389
3344
2120
1053
5106
1299
4400
7111
736
1495
4644
4611
5719
2102
99
5823
7987
3740
5149
4072
6911
1360
8000
2166
5867
1307
6556
6699
7743
4967
8118
1772
1365
2872
253
6622
3922
2901
553
8160
3919
2500
2769
2252
4774
7130
1295
4981
7850
3051
5204
7168
5662
104
1736
7536
5342
7988
3805
3301
4628
8133
433
6368
7705
6693
5831
7547
4205
6031
5682
2175
3326
3828
362
6794
4372
2069
3898
7365
1284
6119
6126
50
7769
1397
6438
2396
948
3631
5964
7911
1249
7583
3298
2914
5828
1107
7211
1038
519
398
3243
1776
6737
711
7936
459
2200
1905
4862
2582
4265
3660
3923
4507
7062
247
5259
958
7639
927
892
1136
6051
1927
5477
3007
2524
2003
1729
3615
2339
5753
6423
1716
7122
3847
5229
4620
4014
272
2618
3237
8060
3334
6367
6742
6435
2441
3855
6065
6473
2728
1664
7840
3941
2605
2281
5911
7510
613
256
912
55
8091
4943
2204
6257
372
1395
1644
2386
12
856
270
5832
6122
83
719
4025
6422
4057
6541
7289
6243
7480
5152
2146
4733
2287
7852
307
735
8163
7171
3279
6735
5645
1622
7118
3418
5581
939
2528
7817
5969
7378
7931
4319
7072
7376
4988
7672
2933
5594
562
5110
6340
1499
1256
5763
4128
4194
3888
4341
3359
2489
4741
7220
2221
7961
2043
6840
1408
7558
4404
7832
701
6533
7809
57
3489
4819
4092
3549
3034
2358
6111
2598
1485
1382
258
3165
4070
753
3964
5169
2577
8031
4534
5398
6283
5787
1984
5378
58
6490
7003
5280
5219
5029
7063
5524
5196
5661
2173
6775
4729
3013
2452
2324
760
586
7749
594
444
6528
3823
7084
769
5904
5006
7319
7044
482
1888
6450
5642
6374
2975
5199
6506
4699
3338
5484
6913
5849
5251
5808
6756
7071
3858
7820
8026
7091
1569
3383
1002
4548
5579
3068
5038
1129
1121
4673
2074
3863
3003
7760
5920
1705
3149
6064
5916
7634
8040
3935
1637
1186
4090
5409
1589
7718
7336
3893
8161
1517
3679
3263
1142
1706
1105
1281
215
5335
6826
7671
1657
7941
3468
4410
803
2115
4402
885
720
4248
182
2278
2752
6169
3671
2179
1386
428
2199
4979
2459
8044
3457
4263
5359
2116
7092
7628
5799
8169
7925
3650
2616
5504
7922
6019
5195
649
5224
2150
5209
6002
7609
3225
4369
1897
4636
7822
3002
6060
1090
2967
7682
5924
2547
1219
4587
6484
5622
3093
754
1749
5453
2724
6269
4708
4374
1112
4535
5619
7637
1544
5777
2853
7405
3566
447
1128
1862
6218
6361
275
438
2588
3511
198
1953
242
5635
231
5135
3023
7335
1556
2012
3272
628
1809
7534
2594
2573
5765
5627
8113
795
3544
4195
6186
2272
141
1769
4358
2953
2526
7823
3323
3680
4492
774
3869
2375
707
6474
778
3597
1780
506
2086
2266
2882
3553
5364
4625
5629
7608
2691
7598
4532
5334
4110
3685
5002
474
781
1338
7201
2671
1439
2265
3539
4544
5602
3141
7215
4264
1599
1852
4803
4980
4742
5999
160
1531
3238
2273
6538
6305
2090
4350
3917
7585
513
4300
5246
3067
5053
3908
1277
3313
6406
3330
3280
7303
1926
4567
5226
7501
4212
1042
6475
3444
4107
4836
5654
5127
2011
1017
3856
5274
4675
5805
2198
1577
3896
670
6668
8179
5644
655
566
5979
6958
4119
1442
4368
2775
6984
7792
3328
6904
6957
6303
3391
7496
4994
5322
1858
3788
744
3944
7912
5795
6378
899
1929
6736
8061
6761
8183
5487
6142
7923
7614
6252
2182
2007
4654
7147
2310
3846
1423
4060
6233
1350
1402
3177
4657
363
4963
6725
4095
7191
1357
820
6100
7624
3278
4271
308
7120
3845
2552
2279
2332
764
7904
5463
733
4801
621
7357
4436
6301
3356
4594
7434
2751
3362
1633
3027
1127
6822
2845
455
5380
467
7502
3678
749
5061
6418
1559
563
3951
3282
2486
2356
6634
7241
4100
2147
7955
1341
7622
5679
3647
4427
7275
5764
4113
3304
1617
7135
149
7856
4734
73
7080
6674
5460
7259
6784
2655
782
4013
2365
4244
6631
6508
1536
6270
6107
7385
1097
1744
1081
5973
6552
564
7137
1747
3201
7031
2656
1834
6140
7180
4608
8135
3885
2635
2026
1147
985
7021
7082
4585
7379
4619
3653
484
6696
5330
2261
3207
2421
7508
3604
5386
1331
944
6209
5154
5751
49
7845
4522
4672
7884
8080
5548
4783
8110
7654
5426
850
2059
2622
7767
3205
7896
3121
3914
7755
1166
2028
1937
4658
5345
6934
6240
6480
5887
6789
2411
2915
2000
1812
6620
6411
7939
1761
227
8002
1580
4781
4527
5465
2759
1615
259
5340
6116
6755
7369
7544
3018
6959
5163
5913
6730
4664
2527
7855
5698
5285
6653
5744
972
203
1440
2449
7716
6500
407
234
6365
3966
4770
6636
1966
185
178
1961
1974
2823
6409
4837
6415
4701
450
2383
3100
2300
5755
136
1928
6180
2672
5200
786
6812
7155
469
6585
4931
390
1894
4351
3070
7997
5238
5620
8187
6201
7121
2783
7475
5488
7851
3774
1403
6256
8114
7412
6865
4802
5510
5499
7750
2106
5598
7413
7234
2461
622
5902
2683
7461
7651
5242
6412
2787
880
6396
404
6861
4789
1348
460
7552
3981
4034
5567
3138
5401
1409
5571
2909
5559
4282
6156
1608
3365
5859
7713
2237
4325
6262
6713
1474
1751
2023
2542
7393
1963
6458
926
3644
6645
7223
1184
1492
7391
2711
1510
2437
2958
4785
6568
2419
8164
6597
1843
2317
4800
2518
3578
4731
2571
5676
7292
1415
3179
2225
5025
7187
313
7269
3409
1527
4178
6106
6046
7425
1143
6220
752
4291
7455
7249
1106
1029
218
6819
5906
1181
3249
4274
514
2164
7937
1462
8013
5270
338
704
279
5961
5525
1944
2602
5402
1777
4298
5668
4233
2024
1683
177
5530
6096
986
1635
1627
5613
2779
5458
5019
3681
7324
4503
192
1575
884
1257
5387
2782
3000
4276
4633
6619
7656
1068
6315
3142
6007
8134
3390
155
7643
681
5012
6037
5876
2786
1380
5775
3421
6604
2693
7774
8142
3611
1050
2611
6075
8068
7123
3551
8083
3
4206
5898
6251
6115
917
7006
1451
937
1540
3119
2592
4477
1919
7326
3306
1286
2700
4700
3459
7915
6859
3191
921
7136
5747
6055
3565
123
8052
3579
5800
7532
2097
6937
4143
4814
7824
6697
3753
3103
2659
1619
346
1084
3349
6608
6663
5094
116
1159
1982
4833
2330
4216
1160
5809
2414
6428
4035
1737
2566
5666
3572
3134
509
2965
3811
188
3204
2513
1406
770
5490
254
67
6058
5252
5353
7763
1989
6092
66
1
5287
4501
6410
3924
5045
2340
7494
4798
3792
1419
5189
7593
7519
6523
2133
3360
1674
5441
7083
1998
3661
7271
6791
5497
3982
8175
3824
1980
897
4383
2928
4598
4870
5971
11
6429
5825
7140
4662
5144
7617
7114
4512
4476
7515
862
3333
3949
2429
5079
4067
7616
7698
3209
323
1320
1821
2521
3435
4991
7570
5125
886
2546
643
2912
300
1455
7203
2507
7224
4754
3114
3911
809
8155
2394
4439
859
6430
322
4538
2692
2776
3343
8139
4558
599
7192
5735
2677
6052
2902
2259
4134
3198
6641
7104
2741
7010
4750
7529
5742
4303
8079
2006
187
63
2886
7528
7395
200
4101
6844
2819
3354
1613
7329
142
5145
4394
1374
269
946
5769
1685
1161
5396
2346
8121
129
6177
2722
2073
1103
4037
5142
1899
3109
5479
6062
1501
8010
3505
2328
3183
3126
479
5301
6105
3302
7874
119
3241
3862
5103
3162
7033
3014
1052
434
7396
127
6370
8189
6603
6193
6042
2978
2435
7184
900
150
6419
5054
4457
5452
6345
2870
1709
5023
5699
1708
8025
6495
5700
952
4857
6230
5851
389
947
5194
130
8129
2515
7932
1104
7572
6609
783
3736
329
940
7812
1950
3478
6176
1771
4008
1806
6023
4370
1626
7230
7795
3231
8171
1411
903
6341
267
7975
5844
7476
2983
5292
60
5949
6885
3962
1804
7151
3367
2471
832
4929
6494
5167
4020
3687
7818
6242
4243
6685
6988
5457
1433
2264
1865
5427
268
7538
4947
273
151
3428
2970
4126
2422
4064
2174
3646
2562
619
7163
5039
3277
7825
1656
1311
5939
2806
526
6000
7525
5254
9
6590
4452
527
2956
2833
5992
2932
7667
2710
7463
3793
536
3300
8156
5968
3830
33
934
3618
6212
2
6467
466
1280
1324
4240
2075
6796
4693
4290
3598
6165
1704
1759
3206
5247
4671
4487
5989
6785
3801
2162
6018
6677
2895
6434
3146
5905
7077
7554
641
6537
761
4841
654
477
4745
2222
5822
2247
6640
4749
3447
2746
5927
6560
1918
6334
6150
2520
3259
359
366
4118
5663
397
3139
7565
7353
2391
5211
4121
1764
2457
2583
4213
7926
2244
7489
7883
5475
3643
7710
2228
5609
5959
6297
4832
4516
4021
6049
855
7267
4545
3814
6137
449
6437
7499
6707
3564
1763
4573
1111
4053
2830
6803
2793
421
2196
4423
20
6288
1093
7885
405
6994
5933
248
2108
6307
1088
6855
1400
1590
5087
2538
2549
2137
6487
963
3550
7217
3994
7389
821
3910
1125
3574
6304
4338
2706
1588
4164
3174
1039
6391
4804
6274
6080
7573
5824
4122
7107
4655
6118
1836
4864
264
5834
2135
4568
4998
6925
2923
6179
4791
626
5178
411
2624
4554
763
5573
6482
5802
4371
3735
6950
3656
5273
7316
7367
7384
6316
7592
4267
3458
920
1504
2922
5960
3056
1861
6662
1689
973
1639
668
5366
2540
6795
6799
7612
5632
7448
5456
3389
6632
6191
7948
2712
864
4146
7309
808
4653
6241
5400
7909
7451
7160
4295
3683
7952
7432
223
2534
3937
6905
2780
4927
453
80
5084
3158
5115
4352
3484
4032
5347
5804
2593
2018
8005
1426
4992
1192
6768
5908
4385
454
7019
1020
3099
6113
7167
2079
191
5044
1267
7225
6909
1702
1697
3528
3227
2022
5505
3284
5469
7568
2494
5083
7035
2122
1185
7962
1529
4972
7066
5975
6698
1823
4935
1151
1343
7219
5262
2764
5425
3968
876
3789
1690
5826
5694
6221
5820
3465
7523
6421
8101
1614
6524
3798
92
2873
5926
4680
7213
6843
2880
7214
4820
2607
4199
7090
5776
6729
4610
4117
615
1732
993
3663
4637
3379
5789
8078
4458
5320
7545
8033
7344
5923
671
3715
6924
3852
2049
6258
8004
5046
2815
1629
4939
7488
7057
5020
5237
2820
6009
7386
4718
3700
1483
2519
7890
5212
6667
4019
4822
2673
6858
1548
8054
3348
6979
2517
3254
3047
3385
32
2241
7452
1425
5833
3954
6081
5597
7553
968
4865
6255
1687
7946
6805
2937
3274
5478
6782
6332
7334
4878
742
6174
3498
1898
6310
2345
3215
327
5608
7913
2351
2862
828
6943
68
1387
409
1225
3563
4114
4348
216
1009
3838
496
5856
332
6136
4147
1542
4384
4497
3730
2296
7484
5537
2843
250
1135
1077
7560
7947
1866
2117
3473
181
3291
2191
2060
4523
3711
4378
4321
443
7253
5803
5165
5901
4576
5570
3831
6184
5520
5595
7564
361
299
6529
394
7195
4304
2239
6535
2171
7058
7799
6306
1072
794
3589
6247
2392
684
5937
3817
5772
3561
1973
1244
4647
2374
4187
5563
3168
6710
1972
6420
7605
817
2478
3626
1956
4685
651
1655
4018
7505
5891
4297
4176
2686
5159
7958
2721
6827
1860
481
5886
4920
3377
1012
280
3423
6867
1222
7207
6286
5798
4151
4093
2897
5940
5965
7172
3076
3655
4417
793
4899
8074
3699
6932
1361
2664
4489
7970
2623
4510
4515
1572
6157
3294
4435
4960
4727
6139
4346
2243
1428
1624
6580
6623
3867
4354
4559
3607
8132
3285
6657
539
2788
1013
5253
3800
5360
6455
4953
7142
7691
2263
7248
7726
4886
6373
1091
1781
4669
3616
2344
3819
5155
5588
4782
472
110
2027
3193
521
3877
2371
4462
7924
298
4853
5511
7905
344
4043
5606
4712
2044
71
1069
7034
2766
1854
115
8066
4574
4577
2730
6543
1945
4327
4084
5288
4183
1592
660
5172
7998
6432
6586
2796
6540
7729
7443
5746
6275
5362
683
6431
6402
2109
7789
158
3737
3881
5640
7648
7613
1666
7017
4254
5297
6289
7188
2835
4221
6503
5013
4269
3081
5801
961
7426
6971
5315
1014
5621
5583
1739
7262
1698
5323
4613
2813
7686
5819
6680
5114
7838
3043
1418
1750
861
6567
7768
6518
1871
6445
96
1026
1525
6705
6463
6219
7239
839
3527
2475
1070
7897
6555
5443
2944
5104
1652
2959
997
5416
5883
1055
7602
2951
5903
1371
4816
2455
1163
7293
4740
7258
5596
7355
2906
7630
6810
3178
5143
2971
4829
7159
6029
4678
930
629
2329
7807
4012
1593
3629
7196
6285
7320
4036
1250
6981
2269
5329
5405
2715
6801
30
2369
2114
6385
2860
3696
1041
6656
5587
499
7469
98
860
1578
2946
5529
6309
605
1676
8029
4159
4779
4978
1513
4936
2847
3973
2210
983
4918
1978
882
1681
293
6995
2283
7024
5535
7540
4561
3350
1692
4434
4230
686
3293
265
4463
1034
245
5075
902
5454
4817
6572
27
7149
1123
7318
6880
6786
6492
2589
3341
2061
7283
2257
1505
916
6323
4161
1381
6082
4238
7994
1634
5540
765
2334
5669
1730
5752
875
3891
7801
4722
2828
2232
7531
6605
2309
1300
1467
7500
2408
6807
2057
3374
8073
6319
3340
152
5198
172
7770
2076
4702
7687
5496
7933
3440
244
4710
3794
2499
4414
5921
2642
846
3358
7644
3402
2548
1297
1886
3778
4812
6644
838
5547
4299
5032
2809
6962
6750
1454
2123
3827
294
2561
661
1424
6347
4602
6047
7473
4735
4683
4706
1429
542
3552
4502
430
6317
3787
37
1178
91
5168
7281
4970
7704
5147
3432
4485
4473
7837
2893
5702
3090
5086
3761
4924
3108
6063
7189
3930
3453
549
3804
943
5051
1251
5762
7280
2553
6589
2093
7345
2343
5838
3548
246
3190
3950
4315
6749
5846
600
236
502
7879
4149
2930
8053
7951
2050
387
1916
6975
5561
4041
1388
7315
5407
6918
1196
7485
282
8048
6337
3069
6198
2327
3895
8106
5220
2554
7183
1342
1005
3515
638
6225
7235
8012
5556
1195
4464
4071
4632
2892
5117
1686
3600
5223
1304
3086
7299
2625
2696
6442
263
5236
936
2973
1530
1141
5604
8150
6941
488
4630
6688
935
6026
680
278
7511
1201
801
2509
1797
7756
6164
5593
3111
1478
3127
7649
6329
7408
826
1930
7296
2251
2110
5727
1975
6204
3244
1735
6684
5931
6766
5835
1444
849
5863
3022
7467
3769
971
4480
632
3624
1873
419
1054
2905
904
3397
5289
6852
7032
3771
166
819
1466
4542
7773
7559
3809
7959
3256
3928
7416
6842
6182
6797
6171
7930
491
5096
2755
5845
52
2357
2894
6831
2615
2570
4923
3532
3044
4793
7842
6471
1430
5464
7527
587
3085
6877
2881
8024
5030
6333
7764
6868
7829
468
5784
2055
6195
4631
1707
6451
4723
2398
8167
1857
2911
6714
4175
6300
1289
1902
6550
4541
3181
1612
558
4768
5514
6576
6548
3438
3368
3813
874
4102
2859
6124
343
2832
6383
815
6331
2366
2745
2099
7537
5858
4443
4494
1819
3976
4868
6071
4086
7026
5701
988
3590
5435
2184
1925
7724
6615
7787
7238
4
2762
4787
6021
1096
1782
4091
5590
3556
3451
3479
5732
2927
1563
3037
1869
7495
1906
355
2036
648
1057
5180
1512
4006
7974
2861
3062
113
336
4188
1134
3841
4259
6083
3160
4445
5482
4003
2816
4757
6687
573
463
461
1959
8082
1824
703
5893
3755
462
3939
7631
1228
2868
7124
8006
6594
6207
5541
6291
589
3945
2052
122
2643
2456
1008
6770
6131
3105
4296
989
2798
6606
331
883
8023
7843
842
6835
4863
6168
6952
6213
243
1967
1514
3546
8126
7953
7981
5783
2652
790
6205
1734
1892
1856
559
6381
3703
1943
3283
5503
5370
2081
3020
8147
4174
6321
5388
7287
352
6743
3880
3567
4203
6014
4601
4310
6887
5150
7578
7711
2963
5009
3346
2714
5498
4993
328
3462
3835
7099
5761
3426
6834
3329
5785
4065
4549
5549
3337
3155
2645
6405
2687
3137
6489
