473
403
429
241
13
204
466
461
435
503
260
133
82
373
371
501
139
65
413
419
296
30
363
418
256
257
2
232
270
19
217
216
22
506
407
130
63
83
120
196
345
95
414
180
320
368
31
361
274
124
15
336
421
302
94
64
317
251
237
70
45
362
129
126
325
60
206
321
48
18
284
474
100
195
471
485
28
294
254
509
21
510
430
149
84
313
359
497
193
221
331
4
354
77
32
158
490
72
346
340
339
372
190
266
286
489
88
231
428
157
86
253
262
295
311
308
299
261
505
424
115
222
441
265
39
181
178
432
357
425
386
255
243
335
443
459
79
332
422
137
209
134
182
242
298
140
208
66
194
273
310
67
360
164
93
136
207
376
101
6
305
397
218
405
454
62
50
229
393
34
8
288
35
383
145
198
446
128
351
398
329
156
377
171
109
173
154
263
337
9
293
495
303
33
188
179
143
449
481
107
304
189
452
460
410
349
27
456
191
105
3
248
236
479
16
411
333
246
240
334
272
152
118
400
113
89
192
291
81
507
468
203
394
499
511
323
271
277
492
463
309
402
508
252
342
59
49
396
177
112
269
319
12
40
406
367
239
412
312
392
409
306
245
369
159
165
92
268
343
455
80
327
153
344
465
297
348
225
282
498
141
283
138
166
76
287
1
46
467
187
104
267
259
504
379
97
228
155
135
75
125
69
326
148
416
87
244
91
25
202
347
38
57
29
174
275
14
235
328
52
199
55
330
439
162
90
458
54
378
211
301
37
223
316
404
381
99
512
51
496
437
440
23
131
200
431
338
56
53
289
427
234
17
10
390
43
442
230
450
415
219
119
324
205
300
444
249
478
358
161
434
142
388
7
233
110
58
238
278
186
477
44
42
108
150
353
447
227
160
184
464
258
176
151
123
380
224
103
11
484
250
71
47
281
382
175
212
169
61
5
469
451
389
214
483
374
315
486
210
314
276
480
24
96
341
41
197
185
445
475
408
472
168
183
264
387
280
111
476
74
292
356
350
448
127
426
491
68
322
395
482
132
502
285
220
226
102
366
391
85
399
401
26
213
453
436
423
78
20
352
147
307
462
121
167
247
215
279
433
370
457
117
290
500
172
106
494
146
417
73
420
375
487
144
36
438
364
170
355
98
318
114
384
122
163
201
493
116
385
365
488
470
